ID	Ima	Campo (T.m)	Corrente  rms	Campo Normalizado	Media Normalizada	Desvio Padrao Minimo	Desvio Padrao Maximo	Media Normalizada	Desvio Padrao Minimo	Desvio Padrao Maximo
11297	S15-063	-359.4043	167.7968	-359.4015	-359.835179	-360.333243	-359.337115	-359.8079703	-360.178300	-359.437640
11339	S15-064	-359.7001	167.7964	-359.6965	-359.835179	-360.333243	-359.337115	-359.8079703	-360.178300	-359.437640
11368	S15-065	-359.2613	167.7979	-359.2609	-359.835179	-360.333243	-359.337115	-359.8079703	-360.178300	-359.437640
11397	S15-053	-359.2873	167.7969	-359.2847	-359.835179	-360.333243	-359.337115	-359.8079703	-360.178300	-359.437640
11425	S15-041	-360.6706	167.7970	-360.6682	-359.835179	-360.333243	-359.337115	-359.8079703	-360.178300	-359.437640
11455	S15-045	-360.4678	167.7966	-360.4646	-359.835179	-360.333243	-359.337115	-359.8079703	-360.178300	-359.437640
11483	S15-048	-359.6102	167.7974	-359.6087	-359.835179	-360.333243	-359.337115	-359.8079703	-360.178300	-359.437640
11514	S15-055	-360.3762	167.7960	-360.3717	-359.835179	-360.333243	-359.337115	-359.8079703	-360.178300	-359.437640
11542	S15-038	-360.3769	167.7968	-360.3741	-359.835179	-360.333243	-359.337115	-359.8079703	-360.178300	-359.437640
11570	S15-067	-359.2166	167.7997	-359.2200	-359.835179	-360.333243	-359.337115	-359.8079703	-360.178300	-359.437640
11599	S15-054	-359.5693	167.7981	-359.5693	-359.835179	-360.333243	-359.337115	-359.8079703	-360.178300	-359.437640
11627	S15-068	-359.5049	167.7976	-359.5038	-359.835179	-360.333243	-359.337115	-359.8079703	-360.178300	-359.437640
11655	S15-062	-359.6890	167.7986	-359.6901	-359.835179	-360.333243	-359.337115	-359.8079703	-360.178300	-359.437640
11683	S15-060	-358.8071	167.7995	-358.8101	-359.835179	-360.333243	-359.337115	-359.8079703	-360.178300	-359.437640
11712	S15-061	-359.1480	167.7991	-359.1501	-359.835179	-360.333243	-359.337115	-359.8079703	-360.178300	-359.437640
11740	S15-049	-359.4358	167.7989	-359.4375	-359.835179	-360.333243	-359.337115	-359.8079703	-360.178300	-359.437640
11768	S15-143	-360.3636	167.7990	-360.3655	-359.835179	-360.333243	-359.337115	-359.8079703	-360.178300	-359.437640
11796	S15-121	-359.6315	167.7988	-359.6330	-359.835179	-360.333243	-359.337115	-359.8079703	-360.178300	-359.437640
11825	S15-146	-360.1248	167.7983	-360.1252	-359.835179	-360.333243	-359.337115	-359.8079703	-360.178300	-359.437640
11839	S15-145	-360.6304	167.7990	-360.6323	-359.835179	-360.333243	-359.337115	-359.8079703	-360.178300	-359.437640
11898	S15-169	-359.5116	167.7976	-359.5105	-359.835179	-360.333243	-359.337115	-359.8079703	-360.178300	-359.437640
11916	S15-168	-359.7598	167.7984	-359.7604	-359.835179	-360.333243	-359.337115	-359.8079703	-360.178300	-359.437640
11944	S15-161	-359.6458	167.7971	-359.6437	-359.835179	-360.333243	-359.337115	-359.8079703	-360.178300	-359.437640
11972	S15-139	-360.0648	167.7978	-360.0642	-359.835179	-360.333243	-359.337115	-359.8079703	-360.178300	-359.437640
12000	S15-174	-359.9486	167.7978	-359.9480	-359.835179	-360.333243	-359.337115	-359.8079703	-360.178300	-359.437640
12028	S15-173	-359.6154	167.7979	-359.6150	-359.835179	-360.333243	-359.337115	-359.8079703	-360.178300	-359.437640
12056	S15-172	-359.8843	167.7976	-359.8832	-359.835179	-360.333243	-359.337115	-359.8079703	-360.178300	-359.437640
12084	S15-167	-359.8187	167.7982	-359.8189	-359.835179	-360.333243	-359.337115	-359.8079703	-360.178300	-359.437640
12113	S15-123	-359.8623	167.7983	-359.8627	-359.835179	-360.333243	-359.337115	-359.8079703	-360.178300	-359.437640
12271	S15-132	-359.9140	167.7982	-359.9142	-359.835179	-360.333243	-359.337115	-359.8079703	-360.178300	-359.437640
12299	S15-112	-359.8187	167.7975	-359.8174	-359.835179	-360.333243	-359.337115	-359.8079703	-360.178300	-359.437640
12328	S15-127	-359.5610	167.7975	-359.5597	-359.835179	-360.333243	-359.337115	-359.8079703	-360.178300	-359.437640
12371	S15-133	-359.8947	167.7984	-359.8953	-359.835179	-360.333243	-359.337115	-359.8079703	-360.178300	-359.437640
12386	S15-123	-359.8227	167.7978	-359.8221	-359.835179	-360.333243	-359.337115	-359.8079703	-360.178300	-359.437640
12414	S15-128	-359.7745	167.7977	-359.7736	-359.835179	-360.333243	-359.337115	-359.8079703	-360.178300	-359.437640
12442	S15-126	-359.8622	167.7978	-359.8616	-359.835179	-360.333243	-359.337115	-359.8079703	-360.178300	-359.437640
12470	S15-124	-359.8702	167.7978	-359.8696	-359.835179	-360.333243	-359.337115	-359.8079703	-360.178300	-359.437640
12499	S15-269	-359.7504	167.7977	-359.7495	-359.835179	-360.333243	-359.337115	-359.8079703	-360.178300	-359.437640
12555	S15-263	-360.1069	167.8002	-360.1114	-359.835179	-360.333243	-359.337115	-359.8079703	-360.178300	-359.437640
12583	S15-261	-359.8664	167.7993	-359.8690	-359.835179	-360.333243	-359.337115	-359.8079703	-360.178300	-359.437640
12612	S15-266	-359.5996	167.7980	-359.5994	-359.835179	-360.333243	-359.337115	-359.8079703	-360.178300	-359.437640
12640	S15-113	-359.6506	167.7985	-359.6515	-359.835179	-360.333243	-359.337115	-359.8079703	-360.178300	-359.437640
12668	S15-152	-359.2745	167.7983	-359.2749	-359.835179	-360.333243	-359.337115	-359.8079703	-360.178300	-359.437640
12697	S15-151	-359.0720	167.7985	-359.0729	-359.835179	-360.333243	-359.337115	-359.8079703	-360.178300	-359.437640
12725	S15-147	-359.6112	167.7988	-359.6127	-359.835179	-360.333243	-359.337115	-359.8079703	-360.178300	-359.437640
12868	S15-189	-359.8815	167.7989	-359.8832	-359.835179	-360.333243	-359.337115	-359.8079703	-360.178300	-359.437640
12896	S15-191	-359.7914	167.7996	-359.7946	-359.835179	-360.333243	-359.337115	-359.8079703	-360.178300	-359.437640
12925	S15-190	-359.7178	167.7991	-359.7199	-359.835179	-360.333243	-359.337115	-359.8079703	-360.178300	-359.437640
12956	S15-193	-359.6968	167.7976	-359.6957	-359.835179	-360.333243	-359.337115	-359.8079703	-360.178300	-359.437640
12985	S15-232	-359.8467	167.7985	-359.8476	-359.835179	-360.333243	-359.337115	-359.8079703	-360.178300	-359.437640
13013	S15-259	-359.6656	167.7989	-359.6673	-359.835179	-360.333243	-359.337115	-359.8079703	-360.178300	-359.437640
13042	S15-267	-359.5447	167.7993	-359.5473	-359.835179	-360.333243	-359.337115	-359.8079703	-360.178300	-359.437640
13071	S15-238	-360.0779	167.7994	-360.0807	-359.835179	-360.333243	-359.337115	-359.8079703	-360.178300	-359.437640
13100	S15-242	-359.6896	167.7987	-359.6909	-359.835179	-360.333243	-359.337115	-359.8079703	-360.178300	-359.437640
13128	S15-252	-359.5982	167.7991	-359.6003	-359.835179	-360.333243	-359.337115	-359.8079703	-360.178300	-359.437640
13156	S15-230	-359.9369	167.7987	-359.9382	-359.835179	-360.333243	-359.337115	-359.8079703	-360.178300	-359.437640
13184	S15-229	-359.9379	167.7990	-359.9398	-359.835179	-360.333243	-359.337115	-359.8079703	-360.178300	-359.437640
13213	S15-042	-360.4630	167.7983	-360.4634	-359.835179	-360.333243	-359.337115	-359.8079703	-360.178300	-359.437640
13242	S15-051	-359.0050	167.7980	-359.0048	-359.835179	-360.333243	-359.337115	-359.8079703	-360.178300	-359.437640
13270	S15-047	-359.5025	167.7978	-359.5019	-359.835179	-360.333243	-359.337115	-359.8079703	-360.178300	-359.437640
13300	S15-046	-359.1964	167.7976	-359.1953	-359.835179	-360.333243	-359.337115	-359.8079703	-360.178300	-359.437640
13330	S15-077	-359.2402	167.7981	-359.2402	-359.835179	-360.333243	-359.337115	-359.8079703	-360.178300	-359.437640
13360	S15-080	-359.0642	167.7987	-359.0655	-359.835179	-360.333243	-359.337115	-359.8079703	-360.178300	-359.437640
13389	S15-081	-359.2512	167.7982	-359.2514	-359.835179	-360.333243	-359.337115	-359.8079703	-360.178300	-359.437640
13417	S15-082	-359.2863	167.7983	-359.2867	-359.835179	-360.333243	-359.337115	-359.8079703	-360.178300	-359.437640
13445	S15-280	-359.6829	167.7982	-359.6831	-359.835179	-360.333243	-359.337115	-359.8079703	-360.178300	-359.437640
13473	S15-258	-359.6639	167.7968	-359.6611	-359.835179	-360.333243	-359.337115	-359.8079703	-360.178300	-359.437640
13501	S15-250	-359.5252	167.7979	-359.5248	-359.835179	-360.333243	-359.337115	-359.8079703	-360.178300	-359.437640
13529	S15-278	-360.0473	167.7980	-360.0471	-359.835179	-360.333243	-359.337115	-359.8079703	-360.178300	-359.437640
13557	S15-253	-359.6474	167.7976	-359.6463	-359.835179	-360.333243	-359.337115	-359.8079703	-360.178300	-359.437640
13585	S15-268	-359.4038	167.7976	-359.4027	-359.835179	-360.333243	-359.337115	-359.8079703	-360.178300	-359.437640
13613	S15-237	-359.4816	167.7976	-359.4805	-359.835179	-360.333243	-359.337115	-359.8079703	-360.178300	-359.437640
13641	S15-264	-359.8000	167.7974	-359.7985	-359.835179	-360.333243	-359.337115	-359.8079703	-360.178300	-359.437640
13683	S15-105	-359.7728	167.7990	-359.7747	-359.835179	-360.333243	-359.337115	-359.8079703	-360.178300	-359.437640
13698	S15-103	-360.0186	167.7989	-360.0203	-359.835179	-360.333243	-359.337115	-359.8079703	-360.178300	-359.437640
13727	S15-119	-359.6274	167.7977	-359.6265	-359.835179	-360.333243	-359.337115	-359.8079703	-360.178300	-359.437640
13755	S15-106	-360.0052	167.7978	-360.0046	-359.835179	-360.333243	-359.337115	-359.8079703	-360.178300	-359.437640
13786	S15-247	-359.4215	167.7978	-359.4209	-359.835179	-360.333243	-359.337115	-359.8079703	-360.178300	-359.437640
13815	S15-239	-360.1349	167.7968	-360.1321	-359.835179	-360.333243	-359.337115	-359.8079703	-360.178300	-359.437640
13843	S15-241	-359.4882	167.7978	-359.4876	-359.835179	-360.333243	-359.337115	-359.8079703	-360.178300	-359.437640
13942	S15-249	-359.7544	167.7974	-359.7529	-359.835179	-360.333243	-359.337115	-359.8079703	-360.178300	-359.437640
13970	S15-057	-359.5984	167.7982	-359.5986	-359.835179	-360.333243	-359.337115	-359.8079703	-360.178300	-359.437640
14002	S15-059	-359.0729	167.7968	-359.0701	-359.835179	-360.333243	-359.337115	-359.8079703	-360.178300	-359.437640
14032	S15-058	-359.3700	167.7983	-359.3704	-359.835179	-360.333243	-359.337115	-359.8079703	-360.178300	-359.437640
14062	S15-056	-359.6577	167.7982	-359.6579	-359.835179	-360.333243	-359.337115	-359.8079703	-360.178300	-359.437640
14090	S15-244	-359.9075	167.7984	-359.9081	-359.835179	-360.333243	-359.337115	-359.8079703	-360.178300	-359.437640
14118	S15-245	-359.7188	167.7984	-359.7194	-359.835179	-360.333243	-359.337115	-359.8079703	-360.178300	-359.437640
14149	S15-235	-359.7715	167.7964	-359.7679	-359.835179	-360.333243	-359.337115	-359.8079703	-360.178300	-359.437640
14178	S15-260	-359.6756	167.7974	-359.6741	-359.835179	-360.333243	-359.337115	-359.8079703	-360.178300	-359.437640
14206	S15-257	-359.6470	167.7977	-359.6461	-359.835179	-360.333243	-359.337115	-359.8079703	-360.178300	-359.437640
14234	S15-274	-359.5156	167.7974	-359.5141	-359.835179	-360.333243	-359.337115	-359.8079703	-360.178300	-359.437640
14264	S15-262	-359.7407	167.7976	-359.7396	-359.835179	-360.333243	-359.337115	-359.8079703	-360.178300	-359.437640
14293	S15-265	-359.6512	167.7976	-359.6501	-359.835179	-360.333243	-359.337115	-359.8079703	-360.178300	-359.437640
14323	S15-086	-359.5896	167.7974	-359.5881	-359.835179	-360.333243	-359.337115	-359.8079703	-360.178300	-359.437640
14351	S15-085	-359.5763	167.7977	-359.5754	-359.835179	-360.333243	-359.337115	-359.8079703	-360.178300	-359.437640
14379	S15-083	-359.1710	167.7971	-359.1689	-359.835179	-360.333243	-359.337115	-359.8079703	-360.178300	-359.437640
14408	S15-084	-359.3150	167.7969	-359.3124	-359.835179	-360.333243	-359.337115	-359.8079703	-360.178300	-359.437640
14451	S15-272	-359.4200	167.7983	-359.4204	-359.835179	-360.333243	-359.337115	-359.8079703	-360.178300	-359.437640
14468	S15-284	-359.8907	167.7964	-359.8871	-359.835179	-360.333243	-359.337115	-359.8079703	-360.178300	-359.437640
14498	S15-285	-359.7788	167.7977	-359.7779	-359.835179	-360.333243	-359.337115	-359.8079703	-360.178300	-359.437640
14528	S15-286	-359.8482	167.7957	-359.8431	-359.835179	-360.333243	-359.337115	-359.8079703	-360.178300	-359.437640
14558	S15-214	-359.2959	167.7990	-359.2978	-359.835179	-360.333243	-359.337115	-359.8079703	-360.178300	-359.437640
14589	S15-205	-359.5375	167.7967	-359.5345	-359.835179	-360.333243	-359.337115	-359.8079703	-360.178300	-359.437640
14660	S15-217	-359.2110	167.7993	-359.2136	-359.835179	-360.333243	-359.337115	-359.8079703	-360.178300	-359.437640
14688	S15-218	-359.7073	167.7995	-359.7103	-359.835179	-360.333243	-359.337115	-359.8079703	-360.178300	-359.437640
14716	S15-281	-359.6723	167.7993	-359.6749	-359.835179	-360.333243	-359.337115	-359.8079703	-360.178300	-359.437640
14745	S15-271	-359.1950	167.7992	-359.1974	-359.835179	-360.333243	-359.337115	-359.8079703	-360.178300	-359.437640
14775	S15-275	-359.2310	167.8011	-359.2374	-359.835179	-360.333243	-359.337115	-359.8079703	-360.178300	-359.437640
14805	S15-276	-360.3924	167.7993	-360.3950	-359.835179	-360.333243	-359.337115	-359.8079703	-360.178300	-359.437640
14835	S15-224	-359.7024	167.7976	-359.7013	-359.835179	-360.333243	-359.337115	-359.8079703	-360.178300	-359.437640
14864	S15-234	-359.4949	167.7980	-359.4947	-359.835179	-360.333243	-359.337115	-359.8079703	-360.178300	-359.437640
14894	S15-215	-358.9831	167.7979	-358.9827	-359.835179	-360.333243	-359.337115	-359.8079703	-360.178300	-359.437640
14922	S15-223	-359.8180	167.7984	-359.8186	-359.835179	-360.333243	-359.337115	-359.8079703	-360.178300	-359.437640
14950	S15-212	-359.9501	167.7985	-359.9510	-359.835179	-360.333243	-359.337115	-359.8079703	-360.178300	-359.437640
14978	S15-203	-359.8050	167.7976	-359.8039	-359.835179	-360.333243	-359.337115	-359.8079703	-360.178300	-359.437640
15007	S15-206	-359.7370	167.7974	-359.7355	-359.835179	-360.333243	-359.337115	-359.8079703	-360.178300	-359.437640
15036	S15-198	-359.4705	167.7974	-359.4690	-359.835179	-360.333243	-359.337115	-359.8079703	-360.178300	-359.437640
15066	S15-227	-359.8700	167.7972	-359.8681	-359.835179	-360.333243	-359.337115	-359.8079703	-360.178300	-359.437640
15096	S15-231	-359.8775	167.7970	-359.8751	-359.835179	-360.333243	-359.337115	-359.8079703	-360.178300	-359.437640
15124	S15-233	-359.2519	167.7977	-359.2510	-359.835179	-360.333243	-359.337115	-359.8079703	-360.178300	-359.437640
15153	S15-219	-359.8432	167.7971	-359.8411	-359.835179	-360.333243	-359.337115	-359.8079703	-360.178300	-359.437640
15181	S15-196	-359.4770	167.7977	-359.4761	-359.835179	-360.333243	-359.337115	-359.8079703	-360.178300	-359.437640
15223	S15-254	-359.6709	167.7984	-359.6715	-359.835179	-360.333243	-359.337115	-359.8079703	-360.178300	-359.437640
15238	S15-251	-359.6486	167.7984	-359.6492	-359.835179	-360.333243	-359.337115	-359.8079703	-360.178300	-359.437640
15266	S15-255	-359.5415	167.7982	-359.5417	-359.835179	-360.333243	-359.337115	-359.8079703	-360.178300	-359.437640
15295	S15-134	-359.6477	167.7976	-359.6466	-359.835179	-360.333243	-359.337115	-359.8079703	-360.178300	-359.437640
15323	S15-140	-360.3105	167.7981	-360.3105	-359.835179	-360.333243	-359.337115	-359.8079703	-360.178300	-359.437640
15351	S15-142	-360.4550	167.7984	-360.4556	-359.835179	-360.333243	-359.337115	-359.8079703	-360.178300	-359.437640
15379	S15-144	-359.2667	167.7983	-359.2671	-359.835179	-360.333243	-359.337115	-359.8079703	-360.178300	-359.437640
15494	S15-228	-359.7881	167.7983	-359.7885	-359.835179	-360.333243	-359.337115	-359.8079703	-360.178300	-359.437640
15522	S15-226	-359.6755	167.7994	-359.6783	-359.835179	-360.333243	-359.337115	-359.8079703	-360.178300	-359.437640
15550	S15-222	-359.7299	167.7995	-359.7329	-359.835179	-360.333243	-359.337115	-359.8079703	-360.178300	-359.437640
15578	S15-225	-359.6491	167.7986	-359.6502	-359.835179	-360.333243	-359.337115	-359.8079703	-360.178300	-359.437640
15636	S15-098	-360.0436	167.7998	-360.0473	-359.835179	-360.333243	-359.337115	-359.8079703	-360.178300	-359.437640
15664	S15-097	-359.9418	167.7986	-359.9429	-359.835179	-360.333243	-359.337115	-359.8079703	-360.178300	-359.437640
15692	S15-095	-360.1172	167.7998	-360.1209	-359.835179	-360.333243	-359.337115	-359.8079703	-360.178300	-359.437640
15721	S15-096	-360.1124	167.7992	-360.1148	-359.835179	-360.333243	-359.337115	-359.8079703	-360.178300	-359.437640
15749	S15-100	-359.5924	167.7996	-359.5956	-359.835179	-360.333243	-359.337115	-359.8079703	-360.178300	-359.437640
15778	S15-099	-359.5514	167.7988	-359.5529	-359.835179	-360.333243	-359.337115	-359.8079703	-360.178300	-359.437640
15806	S15-102	-359.9021	167.7988	-359.9036	-359.835179	-360.333243	-359.337115	-359.8079703	-360.178300	-359.437640
15836	S15-101	-359.6566	167.7986	-359.6577	-359.835179	-360.333243	-359.337115	-359.8079703	-360.178300	-359.437640
15889	S15-197	-359.7562	167.7985	-359.7571	-359.835179	-360.333243	-359.337115	-359.8079703	-360.178300	-359.437640
15917	S15-200	-359.6802	167.7990	-359.6821	-359.835179	-360.333243	-359.337115	-359.8079703	-360.178300	-359.437640
15945	S15-195	-359.8181	167.7993	-359.8207	-359.835179	-360.333243	-359.337115	-359.8079703	-360.178300	-359.437640
15974	S15-209	-359.7892	167.7993	-359.7918	-359.835179	-360.333243	-359.337115	-359.8079703	-360.178300	-359.437640
16007	S15-125	-359.6440	167.7981	-359.6440	-359.835179	-360.333243	-359.337115	-359.8079703	-360.178300	-359.437640
16055	S15-155	-360.1051	167.7987	-360.1064	-359.835179	-360.333243	-359.337115	-359.8079703	-360.178300	-359.437640
16083	S15-153	-359.1487	167.7989	-359.1504	-359.835179	-360.333243	-359.337115	-359.8079703	-360.178300	-359.437640
16111	S15-156	-359.6449	167.7989	-359.6466	-359.835179	-360.333243	-359.337115	-359.8079703	-360.178300	-359.437640
16139	S15-211	-360.1253	167.7993	-360.1279	-359.835179	-360.333243	-359.337115	-359.8079703	-360.178300	-359.437640
16169	S15-204	-359.5565	167.7987	-359.5578	-359.835179	-360.333243	-359.337115	-359.8079703	-360.178300	-359.437640
16197	S15-199	-359.7714	167.7985	-359.7723	-359.835179	-360.333243	-359.337115	-359.8079703	-360.178300	-359.437640
16226	S15-210	-359.8790	167.7991	-359.8811	-359.835179	-360.333243	-359.337115	-359.8079703	-360.178300	-359.437640
16536	S15-166	-360.2343	167.7978	-360.2337	-359.835179	-360.333243	-359.337115	-359.8079703	-360.178300	-359.437640
16567	S15-171	-359.8720	167.7984	-359.8726	-359.835179	-360.333243	-359.337115	-359.8079703	-360.178300	-359.437640
16597	S15-170	-359.9582	167.7982	-359.9584	-359.835179	-360.333243	-359.337115	-359.8079703	-360.178300	-359.437640
16630	S15-175	-360.0043	167.7967	-360.0013	-359.835179	-360.333243	-359.337115	-359.8079703	-360.178300	-359.437640
16661	S15-162	-359.8613	167.7980	-359.8611	-359.835179	-360.333243	-359.337115	-359.8079703	-360.178300	-359.437640
16693	S15-164	-359.9701	167.8002	-359.9746	-359.835179	-360.333243	-359.337115	-359.8079703	-360.178300	-359.437640
16726	S15-163	-359.6008	167.7981	-359.6008	-359.835179	-360.333243	-359.337115	-359.8079703	-360.178300	-359.437640
16758	S15-165	-359.8012	167.7981	-359.8012	-359.835179	-360.333243	-359.337115	-359.8079703	-360.178300	-359.437640
16787	S15-208	-359.6119	167.7983	-359.6123	-359.835179	-360.333243	-359.337115	-359.8079703	-360.178300	-359.437640
16815	S15-202	-360.1586	167.7989	-360.1603	-359.835179	-360.333243	-359.337115	-359.8079703	-360.178300	-359.437640
16845	S15-201	-359.7352	167.7974	-359.7337	-359.835179	-360.333243	-359.337115	-359.8079703	-360.178300	-359.437640
16873	S15-207	-359.9250	167.7987	-359.9263	-359.835179	-360.333243	-359.337115	-359.8079703	-360.178300	-359.437640
16902	S15-279	-359.9505	167.7975	-359.9492	-359.835179	-360.333243	-359.337115	-359.8079703	-360.178300	-359.437640
16932	S15-246	-360.4857	167.7967	-360.4827	-359.835179	-360.333243	-359.337115	-359.8079703	-360.178300	-359.437640
16962	S15-282	-360.0305	167.8008	-360.0363	-359.835179	-360.333243	-359.337115	-359.8079703	-360.178300	-359.437640
16992	S15-243	-360.1292	167.7986	-360.1303	-359.835179	-360.333243	-359.337115	-359.8079703	-360.178300	-359.437640
17022	S15-108	-360.0444	167.7982	-360.0446	-359.835179	-360.333243	-359.337115	-359.8079703	-360.178300	-359.437640
17058	S15-118	-360.1525	167.7976	-360.1514	-359.835179	-360.333243	-359.337115	-359.8079703	-360.178300	-359.437640
17086	S15-117	-359.9693	167.7972	-359.9674	-359.835179	-360.333243	-359.337115	-359.8079703	-360.178300	-359.437640
17114	S15-122	-360.1594	167.7973	-360.1577	-359.835179	-360.333243	-359.337115	-359.8079703	-360.178300	-359.437640
17143	S15-072	-359.8859	167.7976	-359.8848	-359.835179	-360.333243	-359.337115	-359.8079703	-360.178300	-359.437640
17191	S15-075	-359.6078	167.7993	-359.6104	-359.835179	-360.333243	-359.337115	-359.8079703	-360.178300	-359.437640
17221	S15-073	-359.4314	167.7978	-359.4308	-359.835179	-360.333243	-359.337115	-359.8079703	-360.178300	-359.437640
17249	S15-071	-359.2465	167.7970	-359.2441	-359.835179	-360.333243	-359.337115	-359.8079703	-360.178300	-359.437640
17277	S15-074	-359.4552	167.7984	-359.4558	-359.835179	-360.333243	-359.337115	-359.8079703	-360.178300	-359.437640
17306	S15-078	-359.7113	167.7991	-359.7134	-359.835179	-360.333243	-359.337115	-359.8079703	-360.178300	-359.437640
17335	S15-076	-359.1737	167.7983	-359.1741	-359.835179	-360.333243	-359.337115	-359.8079703	-360.178300	-359.437640
17366	S15-079	-359.8266	167.7983	-359.8270	-359.835179	-360.333243	-359.337115	-359.8079703	-360.178300	-359.437640
17410	S15-015	-360.0399	167.7992	-360.0423	-359.835179	-360.333243	-359.337115	-359.8079703	-360.178300	-359.437640
17439	S15-023	-359.9454	167.7979	-359.9450	-359.835179	-360.333243	-359.337115	-359.8079703	-360.178300	-359.437640
17467	S15-021	-359.7552	167.7980	-359.7550	-359.835179	-360.333243	-359.337115	-359.8079703	-360.178300	-359.437640
17495	S15-016	-359.3276	167.7985	-359.3285	-359.835179	-360.333243	-359.337115	-359.8079703	-360.178300	-359.437640
17527	S15-043	-360.4090	167.7978	-360.4084	-359.835179	-360.333243	-359.337115	-359.8079703	-360.178300	-359.437640
17556	S15-044	-361.1039	167.7976	-361.1028	-359.835179	-360.333243	-359.337115	-359.8079703	-360.178300	-359.437640
17588	S15-040	-360.7431	167.7974	-360.7416	-359.835179	-360.333243	-359.337115	-359.8079703	-360.178300	-359.437640
17617	S15-039	-359.7434	167.8012	-359.7500	-359.835179	-360.333243	-359.337115	-359.8079703	-360.178300	-359.437640
17652	S15-050	-360.1930	167.7982	-360.1932	-359.835179	-360.333243	-359.337115	-359.8079703	-360.178300	-359.437640
17682	S15-035	-359.2454	167.7971	-359.2433	-359.835179	-360.333243	-359.337115	-359.8079703	-360.178300	-359.437640
17715	S15-036	-359.1890	167.8007	-359.1946	-359.835179	-360.333243	-359.337115	-359.8079703	-360.178300	-359.437640
17744	S15-037	-359.6666	167.7990	-359.6685	-359.835179	-360.333243	-359.337115	-359.8079703	-360.178300	-359.437640
17776	S15-092	-359.9808	167.7988	-359.9823	-359.835179	-360.333243	-359.337115	-359.8079703	-360.178300	-359.437640
17839	S15-093	-360.2783	167.7994	-360.2811	-359.835179	-360.333243	-359.337115	-359.8079703	-360.178300	-359.437640
17868	S15-094	-360.4679	167.7980	-360.4677	-359.835179	-360.333243	-359.337115	-359.8079703	-360.178300	-359.437640
17897	S15-136	-360.1687	167.7991	-360.1708	-359.835179	-360.333243	-359.337115	-359.8079703	-360.178300	-359.437640
17926	S15-129	-359.6714	167.7988	-359.6729	-359.835179	-360.333243	-359.337115	-359.8079703	-360.178300	-359.437640
17955	S15-130	-359.9905	167.7986	-359.9916	-359.835179	-360.333243	-359.337115	-359.8079703	-360.178300	-359.437640
17987	S15-109	-360.0633	167.7976	-360.0622	-359.835179	-360.333243	-359.337115	-359.8079703	-360.178300	-359.437640
18017	S15-131	-360.3075	167.7976	-360.3064	-359.835179	-360.333243	-359.337115	-359.8079703	-360.178300	-359.437640
18045	S15-141	-360.1814	167.7977	-360.1805	-359.835179	-360.333243	-359.337115	-359.8079703	-360.178300	-359.437640
18074	S15-135	-360.0162	167.7978	-360.0156	-359.835179	-360.333243	-359.337115	-359.8079703	-360.178300	-359.437640
18102	S15-137	-360.5253	167.7982	-360.5255	-359.835179	-360.333243	-359.337115	-359.8079703	-360.178300	-359.437640
18132	S15-010	-360.1946	167.7970	-360.1922	-359.835179	-360.333243	-359.337115	-359.8079703	-360.178300	-359.437640
18162	S15-011	-359.9854	167.7974	-359.9839	-359.835179	-360.333243	-359.337115	-359.8079703	-360.178300	-359.437640
18192	S15-005	-360.1398	167.7979	-360.1394	-359.835179	-360.333243	-359.337115	-359.8079703	-360.178300	-359.437640
18222	S15-012	-360.1688	167.7979	-360.1684	-359.835179	-360.333243	-359.337115	-359.8079703	-360.178300	-359.437640
18254	S15-032	-360.9522	167.7968	-360.9494	-359.835179	-360.333243	-359.337115	-359.8079703	-360.178300	-359.437640
18310	S15-031	-360.8494	167.7968	-360.8466	-359.835179	-360.333243	-359.337115	-359.8079703	-360.178300	-359.437640
18338	S15-029	-360.9773	167.7962	-360.9732	-359.835179	-360.333243	-359.337115	-359.8079703	-360.178300	-359.437640
18366	S15-221	-360.6762	167.7968	-360.6734	-359.835179	-360.333243	-359.337115	-359.8079703	-360.178300	-359.437640
18395	S15-213	-359.9009	167.7973	-359.8992	-359.835179	-360.333243	-359.337115	-359.8079703	-360.178300	-359.437640
18423	S15-216	-359.5036	167.7975	-359.5023	-359.835179	-360.333243	-359.337115	-359.8079703	-360.178300	-359.437640
18451	S15-220	-360.1581	167.7969	-360.1555	-359.835179	-360.333243	-359.337115	-359.8079703	-360.178300	-359.437640
18483	S15-178	-359.6047	167.7986	-359.6058	-359.835179	-360.333243	-359.337115	-359.8079703	-360.178300	-359.437640
18511	S15-176	-359.8700	167.7988	-359.8715	-359.835179	-360.333243	-359.337115	-359.8079703	-360.178300	-359.437640
18539	S15-183	-359.9738	167.8010	-359.9800	-359.835179	-360.333243	-359.337115	-359.8079703	-360.178300	-359.437640
18567	S15-180	-359.9599	167.7966	-359.9567	-359.835179	-360.333243	-359.337115	-359.8079703	-360.178300	-359.437640
18595	S15-138	-360.0501	167.7977	-360.0492	-359.835179	-360.333243	-359.337115	-359.8079703	-360.178300	-359.437640
18623	S15-154	-359.7053	167.7968	-359.7025	-359.835179	-360.333243	-359.337115	-359.8079703	-360.178300	-359.437640
18654	S15-148	-359.8418	167.7971	-359.8397	-359.835179	-360.333243	-359.337115	-359.8079703	-360.178300	-359.437640
18682	S15-150	-359.5856	167.7977	-359.5847	-359.835179	-360.333243	-359.337115	-359.8079703	-360.178300	-359.437640
18714	S15-027	-360.0703	167.7962	-360.0662	-359.835179	-360.333243	-359.337115	-359.8079703	-360.178300	-359.437640
18749	S15-022	-359.7098	167.7963	-359.7059	-359.835179	-360.333243	-359.337115	-359.8079703	-360.178300	-359.437640
18794	S15-020	-360.1889	167.7971	-360.1868	-359.835179	-360.333243	-359.337115	-359.8079703	-360.178300	-359.437640
18823	S15-017	-359.3604	167.7974	-359.3589	-359.835179	-360.333243	-359.337115	-359.8079703	-360.178300	-359.437640
18851	S15-111	-359.6192	167.7982	-359.6194	-359.835179	-360.333243	-359.337115	-359.8079703	-360.178300	-359.437640
18879	S15-110	-359.8995	167.7981	-359.8995	-359.835179	-360.333243	-359.337115	-359.8079703	-360.178300	-359.437640
18908	S15-114	-360.1248	167.7976	-360.1237	-359.835179	-360.333243	-359.337115	-359.8079703	-360.178300	-359.437640
18937	S15-120	-359.6165	167.7957	-359.6114	-359.835179	-360.333243	-359.337115	-359.8079703	-360.178300	-359.437640
20101	S15-273	-359.5249	167.8000	-359.5290	-359.835179	-360.333243	-359.337115	-359.8079703	-360.178300	-359.437640
20117	S15-270	-359.7715	167.7982	-359.7717	-359.835179	-360.333243	-359.337115	-359.8079703	-360.178300	-359.437640
20146	S15-283	-359.9331	167.7985	-359.9340	-359.835179	-360.333243	-359.337115	-359.8079703	-360.178300	-359.437640
20176	S15-277	-359.9279	167.7981	-359.9279	-359.835179	-360.333243	-359.337115	-359.8079703	-360.178300	-359.437640
20206	S15-009	-360.3447	167.7974	-360.3432	-359.835179	-360.333243	-359.337115	-359.8079703	-360.178300	-359.437640
20237	S15-014	-359.4050	167.7976	-359.4039	-359.835179	-360.333243	-359.337115	-359.8079703	-360.178300	-359.437640
20266	S15-008	-360.1861	167.7984	-360.1867	-359.835179	-360.333243	-359.337115	-359.8079703	-360.178300	-359.437640
20296	S15-013	-359.5440	167.7981	-359.5440	-359.835179	-360.333243	-359.337115	-359.8079703	-360.178300	-359.437640
20324	S15-107	-360.1433	167.7986	-360.1444	-359.835179	-360.333243	-359.337115	-359.8079703	-360.178300	-359.437640
20353	S15-104	-359.5383	167.7983	-359.5387	-359.835179	-360.333243	-359.337115	-359.8079703	-360.178300	-359.437640
20382	S15-115	-359.6540	167.7986	-359.6551	-359.835179	-360.333243	-359.337115	-359.8079703	-360.178300	-359.437640
20411	S15-116	-360.0210	167.7976	-360.0199	-359.835179	-360.333243	-359.337115	-359.8079703	-360.178300	-359.437640
20440	S15-185	-359.7570	167.7981	-359.7570	-359.835179	-360.333243	-359.337115	-359.8079703	-360.178300	-359.437640
20469	S15-186	-360.1746	167.7979	-360.1742	-359.835179	-360.333243	-359.337115	-359.8079703	-360.178300	-359.437640
20498	S15-182	-359.4899	167.7980	-359.4897	-359.835179	-360.333243	-359.337115	-359.8079703	-360.178300	-359.437640
20527	S15-181	-359.9024	167.7979	-359.9020	-359.835179	-360.333243	-359.337115	-359.8079703	-360.178300	-359.437640
20556	S15-088	-359.9443	167.7978	-359.9437	-359.835179	-360.333243	-359.337115	-359.8079703	-360.178300	-359.437640
20585	S15-087	-359.8826	167.7986	-359.8837	-359.835179	-360.333243	-359.337115	-359.8079703	-360.178300	-359.437640
20614	S15-090	-359.8946	167.7983	-359.8950	-359.835179	-360.333243	-359.337115	-359.8079703	-360.178300	-359.437640
20642	S15-089	-359.7519	167.7980	-359.7517	-359.835179	-360.333243	-359.337115	-359.8079703	-360.178300	-359.437640
20670	S15-149	-360.3024	167.7978	-360.3018	-359.835179	-360.333243	-359.337115	-359.8079703	-360.178300	-359.437640
20700	S15-158	-359.7326	167.7984	-359.7332	-359.835179	-360.333243	-359.337115	-359.8079703	-360.178300	-359.437640
20729	S15-159	-359.8734	167.7978	-359.8728	-359.835179	-360.333243	-359.337115	-359.8079703	-360.178300	-359.437640
20759	S15-160	-359.6384	167.7978	-359.6378	-359.835179	-360.333243	-359.337115	-359.8079703	-360.178300	-359.437640
20788	S15-018	-359.5421	167.7970	-359.5397	-359.835179	-360.333243	-359.337115	-359.8079703	-360.178300	-359.437640
20820	S15-030	-360.0419	167.7969	-360.0393	-359.835179	-360.333243	-359.337115	-359.8079703	-360.178300	-359.437640
20863	S15-034	-359.4406	167.7974	-359.4391	-359.835179	-360.333243	-359.337115	-359.8079703	-360.178300	-359.437640
20878	S15-019	-360.0950	167.7982	-360.0952	-359.835179	-360.333243	-359.337115	-359.8079703	-360.178300	-359.437640
20908	S15-187	-360.1427	167.7976	-360.1416	-359.835179	-360.333243	-359.337115	-359.8079703	-360.178300	-359.437640
20937	S15-188	-360.1558	167.7979	-360.1554	-359.835179	-360.333243	-359.337115	-359.8079703	-360.178300	-359.437640
20966	S15-192	-359.7316	167.7980	-359.7314	-359.835179	-360.333243	-359.337115	-359.8079703	-360.178300	-359.437640
20995	S15-194	-359.7829	167.7980	-359.7827	-359.835179	-360.333243	-359.337115	-359.8079703	-360.178300	-359.437640
21026	S15-070	-359.5567	167.7975	-359.5554	-359.835179	-360.333243	-359.337115	-359.8079703	-360.178300	-359.437640
21057	S15-052	-359.1332	167.7975	-359.1319	-359.835179	-360.333243	-359.337115	-359.8079703	-360.178300	-359.437640
21086	S15-004	-360.3892	167.7973	-360.3875	-359.835179	-360.333243	-359.337115	-359.8079703	-360.178300	-359.437640
21115	S15-006	-362.5205	167.7977	-362.5196	-359.835179	-360.333243	-359.337115	-359.8079703	-360.178300	-359.437640
21143	S15-007	-364.7158	167.7976	-364.7147	-359.835179	-360.333243	-359.337115	-359.8079703	-360.178300	-359.437640
21305	S15-024	-359.9179	167.7973	-359.9162	-359.835179	-360.333243	-359.337115	-359.8079703	-360.178300	-359.437640
21333	S15-026	-360.4460	167.7984	-360.4466	-359.835179	-360.333243	-359.337115	-359.8079703	-360.178300	-359.437640
21362	S15-025	-359.7798	167.7984	-359.7804	-359.835179	-360.333243	-359.337115	-359.8079703	-360.178300	-359.437640
21391	S15-028	-359.6073	167.7988	-359.6088	-359.835179	-360.333243	-359.337115	-359.8079703	-360.178300	-359.437640
21420	S15-248	-360.1392	167.7982	-360.1394	-359.835179	-360.333243	-359.337115	-359.8079703	-360.178300	-359.437640
21448	S15-240	-360.1090	167.7981	-360.1090	-359.835179	-360.333243	-359.337115	-359.8079703	-360.178300	-359.437640
21476	S15-256	-360.5420	167.7980	-360.5418	-359.835179	-360.333243	-359.337115	-359.8079703	-360.178300	-359.437640
21505	S15-236	-359.9418	167.7982	-359.9420	-359.835179	-360.333243	-359.337115	-359.8079703	-360.178300	-359.437640
21533	S15-177	-360.2248	167.7986	-360.2259	-359.835179	-360.333243	-359.337115	-359.8079703	-360.178300	-359.437640
21562	S15-184	-360.3156	167.7978	-360.3150	-359.835179	-360.333243	-359.337115	-359.8079703	-360.178300	-359.437640
21590	S15-179	-360.0647	167.7978	-360.0641	-359.835179	-360.333243	-359.337115	-359.8079703	-360.178300	-359.437640
21633	S15-157	-360.1191	167.7991	-360.1212	-359.835179	-360.333243	-359.337115	-359.8079703	-360.178300	-359.437640
